<?xml version="1.0"?>
<opencv_storage>
<calibration_Time>"Sat Mar  7 14:38:20 2015"</calibration_Time>
<nrOfFrames>9</nrOfFrames>
<image_Width>1280</image_Width>
<image_Height>720</image_Height>
<board_Width>10</board_Width>
<board_Height>7</board_Height>
<square_Size>100.</square_Size>
<FixAspectRatio>1.</FixAspectRatio>
<!-- flags:  +fix_aspectRatio +fix_principal_point -->
<flagValue>6</flagValue>
<Camera_Matrix type_id="opencv-matrix">
  <rows>3</rows>
  <cols>3</cols>
  <dt>d</dt>
  <data>
    8.6082099294880265e+02 0. 6.3950000000000000e+02 0.
    8.6082099294880265e+02 3.5950000000000000e+02 0. 0. 1.</data></Camera_Matrix>
<Distortion_Coefficients type_id="opencv-matrix">
  <rows>5</rows>
  <cols>1</cols>
  <dt>d</dt>
  <data>
    -3.9987708718040504e-01 1.7151520033420395e-01
    7.1985261612280260e-03 -1.7390602686394188e-03
    -4.1785246498986087e-02</data></Distortion_Coefficients>
<Avg_Reprojection_Error>4.0384376409051659e-01</Avg_Reprojection_Error>
<Per_View_Reprojection_Errors type_id="opencv-matrix">
  <rows>9</rows>
  <cols>1</cols>
  <dt>f</dt>
  <data>
    3.58669400e-01 2.87383944e-01 2.09170043e-01 3.90904933e-01
    1.93283319e-01 2.59080887e-01 6.45285189e-01 6.05842948e-01
    4.14844602e-01</data></Per_View_Reprojection_Errors>
<!-- a set of 6-tuples (rotation vector + translation vector) for each view -->
<Extrinsic_Parameters type_id="opencv-matrix">
  <rows>9</rows>
  <cols>6</cols>
  <dt>d</dt>
  <data>
    8.6993637342071498e-03 4.4881081686880028e-02
    -3.1418238758454824e+00 1.7305630733857103e+02
    -7.0016732460758976e+02 3.0634211419476160e+03
    1.0998729820419690e+00 1.5278945146300960e-01 2.8880951911939277e+00
    1.6953131249089620e+03 7.3645073161204323e+02 2.0256509574283712e+03
    3.6787665516125979e-02 -3.9483158638052518e-01
    -3.0985126104076506e+00 1.4664344893215678e+03
    1.1672397688353776e+03 2.8568321673548176e+03
    -7.2980596058627801e-03 3.5259146777353095e-01
    3.1168373465442123e+00 1.6322285384381732e+03 1.1659034568374270e+03
    2.8486747998597452e+03 1.8810751466098275e-02 1.0806931439461052e+00
    2.9482759006515997e+00 1.6225425625533069e+03 1.0072752989527611e+03
    2.5300724517097697e+03 7.3616333502370332e-02
    -6.7797245611114465e-01 -2.8360303204368704e+00
    9.9154704109036300e+02 -2.0372245160939818e+02
    2.8002032546201940e+03 2.4147380741635227e-01
    -1.3912934860930644e+00 -2.4557055112511788e+00
    -9.3168199682765612e+02 8.6192366178138900e+02
    2.3970316984368578e+03 6.6094041351702137e-01
    -1.1346827893798197e+00 -1.6761285560408792e+00
    -1.2472914660919289e+03 6.2623347735190430e+02
    2.1931862891889391e+03 1.0778835184261317e+00
    -6.2835956001715643e-01 -1.0060522016389681e+00
    -1.6299325627012902e+03 -1.7385277277686359e+02
    2.3172111475254992e+03</data></Extrinsic_Parameters>
<Image_points type_id="opencv-matrix">
  <rows>9</rows>
  <cols>70</cols>
  <dt>"2f"</dt>
  <data>
    6.86424500e+02 1.68164047e+02 6.59167053e+02 1.67557098e+02
    6.31685425e+02 1.67238190e+02 6.04523132e+02 1.67443924e+02
    5.77040649e+02 1.67995071e+02 5.50131897e+02 1.68259964e+02
    5.22952942e+02 1.68837509e+02 4.96485443e+02 1.69683060e+02
    4.70088898e+02 1.70749771e+02 4.44233429e+02 1.72274979e+02
    6.86356079e+02 1.42209793e+02 6.58954468e+02 1.41849945e+02
    6.31825073e+02 1.41429779e+02 6.04639038e+02 1.41441223e+02
    5.77440369e+02 1.41821442e+02 5.50500427e+02 1.42358826e+02
    5.23598450e+02 1.43122833e+02 4.97195068e+02 1.44154968e+02
    4.70810425e+02 1.45210419e+02 4.45124237e+02 1.46649811e+02
    6.86119812e+02 1.16575226e+02 6.59084106e+02 1.16269272e+02
    6.32005066e+02 1.16020012e+02 6.04840759e+02 1.16099846e+02
    5.77869202e+02 1.16361954e+02 5.50993408e+02 1.16823997e+02
    5.24367554e+02 1.17658348e+02 4.97781860e+02 1.18760872e+02
    4.71813507e+02 1.20249268e+02 4.46268585e+02 1.21603760e+02
    6.85770020e+02 9.19232178e+01 6.59026733e+02 9.12965088e+01
    6.32139893e+02 9.11521454e+01 6.05191650e+02 9.11946945e+01
    5.78279724e+02 9.13718796e+01 5.51527527e+02 9.21678238e+01
    5.25080505e+02 9.29454193e+01 4.98839996e+02 9.42546616e+01
    4.72812500e+02 9.55481949e+01 4.47392639e+02 9.73309708e+01
    6.85628479e+02 6.75875244e+01 6.58887634e+02 6.70993347e+01
    6.32266663e+02 6.67118454e+01 6.05446716e+02 6.67366638e+01
    5.78791931e+02 6.72970581e+01 5.52218811e+02 6.78431473e+01
    5.25931152e+02 6.87160873e+01 4.99805969e+02 6.99095306e+01
    4.74128235e+02 7.15205078e+01 4.48649689e+02 7.33731995e+01
    6.85350403e+02 4.41882324e+01 6.58887939e+02 4.33332253e+01
    6.32290955e+02 4.31457481e+01 6.05771423e+02 4.32866631e+01
    5.79302856e+02 4.34502106e+01 5.53131836e+02 4.42612839e+01
    5.26678894e+02 4.51694031e+01 5.01036346e+02 4.65891609e+01
    4.75352081e+02 4.82262573e+01 4.50316132e+02 5.01228333e+01
    6.85128113e+02 2.13290462e+01 6.58624023e+02 2.07236881e+01
    6.32548889e+02 2.03936367e+01 6.06067810e+02 2.05455017e+01
    5.80008789e+02 2.09785652e+01 5.53575378e+02 2.14737186e+01
    5.27853149e+02 2.24965038e+01 5.02062225e+02 2.37045193e+01
    4.76987823e+02 2.40325470e+01 4.51588165e+02 2.71473713e+01
    1.18881775e+03 6.03942688e+02 1.16268079e+03 6.04925293e+02
    1.13614075e+03 6.05156921e+02 1.10924060e+03 6.05514893e+02
    1.08182080e+03 6.06336304e+02 1.05488501e+03 6.06128723e+02
    1.02748035e+03 6.05847168e+02 1.00044531e+03 6.05594238e+02
    9.73421875e+02 6.04903442e+02 9.46387817e+02 6.04914429e+02
    1.19129382e+03 5.72481567e+02 1.16498364e+03 5.73504822e+02
    1.13836682e+03 5.74516052e+02 1.11125098e+03 5.75040833e+02
    1.08388538e+03 5.75545898e+02 1.05658777e+03 5.75774841e+02
    1.02894067e+03 5.75738342e+02 1.00153778e+03 5.75491089e+02
    9.74375916e+02 5.75278503e+02 9.47405701e+02 5.74787781e+02
    1.19317847e+03 5.40430603e+02 1.16694312e+03 5.41659180e+02
    1.13977637e+03 5.42724182e+02 1.11271680e+03 5.43740295e+02
    1.08531458e+03 5.44264648e+02 1.05763818e+03 5.44759460e+02
    1.02980444e+03 5.45024048e+02 1.00242865e+03 5.45306213e+02
    9.75059570e+02 5.45095154e+02 9.48187927e+02 5.45137207e+02
    1.19427710e+03 5.08253967e+02 1.16776782e+03 5.09380920e+02
    1.14072498e+03 5.10673981e+02 1.11356897e+03 5.11630890e+02
    1.08587878e+03 5.12631653e+02 1.05822107e+03 5.13375916e+02
    1.03056238e+03 5.13894348e+02 1.00283789e+03 5.14470520e+02
    9.75520874e+02 5.14823669e+02 9.48354248e+02 5.15021423e+02
    1.19468420e+03 4.75410339e+02 1.16835120e+03 4.76923431e+02
    1.14134351e+03 4.78231201e+02 1.11382922e+03 4.79526581e+02
    1.08612585e+03 4.80635803e+02 1.05842175e+03 4.81738281e+02
    1.03064636e+03 4.82519775e+02 1.00287592e+03 4.83582642e+02
    9.75442749e+02 4.84132812e+02 9.48391296e+02 4.84877869e+02
    1.19447998e+03 4.42692657e+02 1.16789539e+03 4.44211731e+02
    1.14082751e+03 4.45838379e+02 1.11345703e+03 4.47155701e+02
    1.08581128e+03 4.48601959e+02 1.05801685e+03 4.49793304e+02
    1.02997412e+03 4.51214233e+02 1.00260046e+03 4.52253571e+02
    9.74943604e+02 4.53514313e+02 9.47794128e+02 4.54368103e+02
    1.19346069e+03 4.09918579e+02 1.16698486e+03 4.11654633e+02
    1.13998560e+03 4.13244171e+02 1.11252258e+03 4.14836578e+02
    1.08474048e+03 4.16479279e+02 1.05721521e+03 4.18280426e+02
    1.02943262e+03 4.19917908e+02 1.00152515e+03 4.21511261e+02
    9.74141235e+02 4.22696259e+02 9.46907837e+02 4.24619934e+02
    1.01871246e+03 6.64893555e+02 9.97433533e+02 6.67860229e+02
    9.74823059e+02 6.70466370e+02 9.51988037e+02 6.73218262e+02
    9.28103394e+02 6.75629333e+02 9.03757935e+02 6.77849854e+02
    8.78310547e+02 6.79866394e+02 8.52854980e+02 6.81697388e+02
    8.26307983e+02 6.83408997e+02 7.99579651e+02 6.85082275e+02
    1.01995898e+03 6.40127258e+02 9.98270142e+02 6.42601746e+02
    9.75937622e+02 6.45119385e+02 9.52750610e+02 6.47329224e+02
    9.29139465e+02 6.49537598e+02 9.04479675e+02 6.51523926e+02
